spawns: 
  default: 
    world: Cidade
    x: 246.55374969681395
    y: 66.0
    z: -124.61856625073204
    yaw: 0.2629265
    pitch: 4.3440666
